-9.6750872278150002 8.1912949991400001
-9.80640956401 4.8774902892399998
-9.6847367811050002 9.8058985566950003
6.6523504231248804e-08 31.814567366867923
2.2617768244469494e-08 33.947883126206897
1.0873830076740767e-09 45.451688893337753
9.4549372782877259e-05 93.607313182107106
0.0006410734633827222 96.165668560109168
0.0015404102680004817 96.155646586152358
-10.609050537122037 9.3593875643424216
-12.313883271305983 17.432399669233078
-5.0338524130400568 19.53436956875133
-9.7843481207599989 7.5101962317134996
-12.021669815541999 4.9593748224350005
-9.6947811412250005 9.8627701424899996
0.00013065941028811409 51.290713525566019
9.1691977495617869e-05 238.0165975881726
8.9733861617513478e-05 150.60549699361476
0.0043764787037165456 95.733662448108532
0.0015816004354757174 371.05709110839518
0.0068312941718807786 156.12451020103211
-31.09492703436527 8.3920454507842006
-10.497303006466298 22.418973690949432
-68.363362198881475 11.78338311205898
-0.93695732573849999 0.47197281067313496
-0.91195767381222492 0.98766830742823142
-0.65607232810821503 0.54647088775851604
1.1800696308428453e-06 12.544956694402453
2.0012281490605336e-06 13.484372932644112
3.9321349886694436e-07 3.1672953161788495
1.1850046238357729e-06 12.569978728586698
2.0337020817391637e-06 13.485861523555961
4.8312086181004043e-07 3.2884508748476655
-4.847622919271843 1.3895295559857204
-3.2812422340502492 1.0108882515623456
-3.5356208930880904 3.4693198063842634
